0 1
2 5
3 a
4 f
5 14
6 19
7 1e
8 23
9 28
10 2d
11 32
12 37
13 3c
14 41
15 46
16 4b
17 50
18 55
19 5a
20 5f
21 64
22 69
23 6e
24 73
25 78
26 7d
27 82
28 87
29 8c
30 91
31 96
32 9b
33 a0
34 a5
35 aa
36 af
37 b4
38 b9
39 be
40 c3
41 c8
42 cd
43 d2
44 d7
45 dc
46 e1
47 e6
48 eb
49 f0
50 f5
51 fa
52 ff
53 104
54 109
55 10e
56 113
57 118
58 11d
59 122
60 127
61 12c
62 131
63 136
64 13b
65 140
66 145
67 14a
68 14f
69 154
70 159
71 15e
72 163
73 168
74 16d
75 172
76 177
77 17c
78 181
79 186
80 18b
81 190
82 195
83 19a
84 19f
85 1a4
86 1a9
87 1ae
88 1b3
89 1b8
90 1bd
91 1c2
92 1c7
93 1cc
94 1d1
95 1d6
96 1db
97 1e0
98 1e5
99 1ea
100 1ef
101 1f4
102 1f9
103 1fe
104 203
105 208
106 20d
107 212
108 217
109 21c
110 221
111 226
112 22b
113 230
114 235
115 23a
116 23f
117 244
118 249
119 24e
120 253
121 258
122 25d
123 262
124 267
125 26c
126 271
127 276
128 27b
129 280
130 285
131 28a
132 28f
133 294
134 299
135 29e
136 2a3
137 2a8
138 2ad
139 2b2
140 2b7
141 2bc
142 2c1
143 2c6
144 2cb
145 2d0
146 2d5
147 2da
148 2df
149 2e4
150 2e9
151 2ee
152 2f3
153 2f8
154 2fd
155 302
156 307
157 30c
158 311
159 316
160 31b
161 320
162 325
163 32a
164 32f
165 334
166 339
167 33e
168 343
169 348
170 34d
171 352
172 357
173 35c
174 361
175 366
176 36b
177 370
178 375
179 37a
180 37f
181 384
182 389
183 38e
184 393
185 398
186 39d
187 3a2
188 3a7
189 3ac
190 3b1
191 3b6
192 3bb
193 3c0
194 3c5
195 3ca
196 3cf
197 3d4
198 3d9
199 3de
200 3e3
201 3e8
202 3ed
203 3f2
204 3f7
205 3fc
206 401
207 406
208 40b
209 410
210 415
211 41a
212 41f
213 424
214 429
215 42e
216 433
217 438
218 43d
219 442
220 447
221 44c
222 451
223 456
224 45b
225 460
226 465
227 46a
228 46f
229 474
230 479
231 47e
232 483
233 488
234 48d
235 492
236 497
237 49c
238 4a1
239 4a6
240 4ab
241 4b0
242 4b5
243 4ba
244 4bf
245 4c4
246 4c9
247 4ce
248 4d3
249 4d8
250 4dd
251 4e2
252 4e7
253 4ec
254 4f1
255 4f6
256 4fb
257 500
258 505
259 50a
260 50f
261 514
262 519
263 51e
264 523
265 528
266 52d
267 532
268 537
269 53c
270 541
271 546
272 54b
273 550
274 555
275 55a
276 55f
277 564
278 569
279 56e
280 573
281 578
282 57d
283 582
284 587
285 58c
286 591
287 596
288 59b
289 5a0
290 5a5
291 5aa
292 5af
293 5b4
294 5b9
295 5be
296 5c3
297 5c8
298 5cd
299 5d2
300 5d7
301 5dc
302 5e1
303 5e6
304 5eb
305 5f0
306 5f5
307 5fa
308 5ff
309 604
310 609
311 60e
312 613
313 618
314 61d
315 622
316 627
317 62c
318 631
319 636
320 63b
321 640
322 645
323 64a
324 64f
325 654
326 659
327 65e
328 663
329 668
330 66d
331 672
332 677
333 67c
334 681
335 686
336 68b
337 690
338 695
339 69a
340 69f
341 6a4
342 6a9
343 6ae
344 6b3
345 6b8
346 6bd
347 6c2
348 6c7
349 6cc
350 6d1
351 6d6
352 6db
353 6e0
354 6e5
355 6ea
356 6ef
357 6f4
358 6f9
359 6fe
360 703
361 708
362 70d
363 712
364 717
365 71c
366 721
367 726
368 72b
369 730
370 735
371 73a
372 73f
373 744
374 749
375 74e
376 753
377 758
378 75d
379 762
380 767
381 76c
382 771
383 776
384 77b
385 780
386 785
387 78a
388 78f
389 794
390 799
391 79e
392 7a3
393 7a8
394 7ad
395 7b2
396 7b7
397 7bc
398 7c1
399 7c6
400 7cb
401 7d0
402 7d5
403 7da
404 7df
405 7e4
406 7e9
407 7ee
408 7f3
409 7f8
410 7fd
411 802
412 807
413 80c
414 811
415 816
416 81b
417 820
418 825
419 82a
420 82f
421 834
422 839
423 83e
424 843
425 848
426 84d
427 852
428 857
429 85c
430 861
431 866
432 86b
433 870
434 875
435 87a
436 87f
437 884
438 889
439 88e
440 893
441 898
442 89d
443 8a2
444 8a7
445 8ac
446 8b1
447 8b6
448 8bb
449 8c0
450 8c5
451 8ca
452 8cf
453 8d4
454 8d9
455 8de
456 8e3
457 8e8
458 8ed
459 8f2
460 8f7
461 8fc
462 901
463 906
464 90b
465 910
466 915
467 91a
468 91f
469 924
470 929
471 92e
472 933
473 938
474 93d
475 942
476 947
477 94c
478 951
479 956
480 95b
481 960
482 965
483 96a
484 96f
485 974
486 979
487 97e
488 983
489 988
490 98d
491 992
492 997
493 99c
494 9a1
495 9a6
496 9ab
497 9b0
498 9b5
499 9ba
500 9bf
501 9c4
502 9c9
503 9ce
504 9d3
505 9d8
506 9dd
507 9e2
508 9e7
509 9ec
510 9f1
511 9f6
512 9fb
513 a00
