0 1
2 5
3 a
4 f
5 14
6 19
7 1e
8 23
9 28
10 2d
11 32
12 37
13 3c
14 41
15 46
16 4b
17 50
18 55
19 5a
20 5f
21 64
22 69
23 6e
24 73
25 78
26 7d
27 82
28 87
29 8c
30 91
31 96
32 9b
33 a0
34 a5
35 aa
36 af
37 b4
38 b9
39 be
40 c3
41 c8
42 cd
43 d2
44 d7
45 dc
46 e1
47 e6
48 eb
49 f0
50 f5
51 fa
52 ff
53 104
54 109
55 10e
56 113
57 118
58 11d
59 122
60 127
61 12c
62 131
63 136
64 13b
65 140
66 145
67 14a
68 14f
69 154
70 159
71 15e
72 163
73 168
74 16d
75 172
76 177
77 17c
78 181
79 186
80 18b
81 190
82 195
83 19a
84 19f
85 1a4
86 1a9
87 1ae
88 1b3
89 1b8
90 1bd
91 1c2
92 1c7
93 1cc
94 1d1
95 1d6
96 1db
97 1e0
98 1e5
99 1ea
100 1ef
101 1f4
102 1f9
103 1fe
104 203
105 208
106 20d
107 212
108 217
109 21c
110 221
111 226
112 22b
113 230
114 235
115 23a
116 23f
117 244
118 249
119 24e
120 253
121 258
122 25d
123 262
124 267
125 26c
126 271
127 276
128 27b
129 280
